Sent [255 30 6 0 1 0]
Sent [255 6 9 0 69 78 69 84 0]
Read [255 41 18 0 2 0 0 0 116 101 115 116 0 116 101 115 116 0]
Sent [255 41 8 0 1 0 0 0]
Read [255 60 9 0 116 101 115 116 0]
Sent [255 60 8 0 0 0 0 0]
Read [255 21 8 0 115 194 4 54]
Read [255 92 72 0 20 0 15 0 11 0 21 0 0 0 0 0 0 0 0 0 44 1 0 0 0 0 0 0 0 102 112 2 7 100 12 100 100
100 100 42 100 100 0 1 1 0 2 0 1 0 1 0 1 0 0 0 0 0 0 0 116 101 115 116 0 107 110 105 103 104 116 0]
Sent [255 92 8 0 1 0 0 0]
Read [255 73 59 0 116 101 115 116 0 107 110 105 103 104 116 0 1 1 1 1 1 1 1 1 1 1 1 1 1 1 1 2 1 1 1
2 1 1 1 1 1 1 1 1 1 1 1 1 1 1 1 1 1 1 1 1 1 0 0]
Sent [255 73 8 0 1 0 0 0]
Read [255 60 9 0 116 101 115 116 0]
Sent [255 60 19 0 1 0 0 0 1 0 0 0 107 110 105 103 104 116 0]
Read [255 21 8 0 146 61 5 54]
Read [255 76 16 0 116 101 115 116 0 107 110 105 103 104 116 0]
Sent [255 76 64 0 1 0 0 0 20 0 15 0 11 0 21 0 0 0 0 0 0 0 0 0 44 1 0 0 0 0 0 0 0 102 112 2 7 100 12
100 100 100 100 42 100 100 0 1 1 0 2 0 1 0 1 0 1 0 0 0 0 0 0 0]
Read [255 68 17 0 116 101 115 116 0 107 110 105 103 104 116 0 0]
Read [255 72 16 0 116 101 115 116 0 107 110 105 103 104 116 0]
Sent [255 72 47 0 1 1 1 1 1 1 1 1 1 1 1 1 1 1 1 2 1 1 1 2 1 1 1 1 1 1 1 1 1 1 1 1 1 1 1 1 1 1 1 1 1
0 0]
Read [255 12 18 0 68 73 83 80 69 76 0 68 73 83 80 69 76 0]
Read [255 21 8 0 104 74 6 54]
Read [255 9 4 0]
[]
Sent [255 9 4 0]
Read [255 21 8 0 153 191 6 54]
Read [255 12 18 0 68 73 83 80 69 76 0 68 73 83 80 69 76 0]
Read [255 9 4 0]
[]
Sent [255 9 4 0]
Read [255 12 18 0 68 73 83 80 69 76 0 68 73 83 80 69 76 0]
Read [255 21 8 0 204 52 7 54]
Read [255 21 8 0 254 169 7 54]
Read [255 9 4 0]
[]
Sent [255 9 4 0]
Read [255 12 18 0 68 73 83 80 69 76 0 68 73 83 80 69 76 0]
Read [255 28 17 0 0 0 0 0 0 0 0 0 103 114 97 0 0]
Sent [255 28 8 0 1 0 0 0]
Read [255 21 8 0 68 250 7 54]
Read [255 21 8 0 88 250 7 54]
Read [255 21 8 0 91 250 7 54]
Read [255 21 8 0 94 250 7 54]
Read [255 21 8 0 96 250 7 54]
Read [255 21 8 0 99 250 7 54]
Read [255 28 17 0 1 0 0 0 0 0 0 0 103 114 97 0 0]
Sent [255 28 8 0 2 0 0 0]
Read [255 44 224 0 116 101 115 116 0 107 110 105 103 104 116 0 4 1 17 11 101 121 11 101 121 11 101 1
21 11 101 121 11 101 121 11 101 121 11 101 119 11 101 121 11 101 121 11 101 121 11 101 121 11 101 12
1 11 101 121 11 101 121 11 101 121 11 101 121 11 101 121 11 101 121 11 101 121 11 101 121 11 101 121
 11 101 121 11 101 121 11 101 121 11 101 121 11 101 121 11 101 121 11 101 113 11 101 121 11 101 121
11 101 25 11 101 121 11 101 121 11 101 121 11 101 121 11 101 121 11 101 121 11 101 121 11 101 121 11
 101 121 11 101 121 11 101 121 11 101 121 11 101 121 11 101 121 11 101 121 11 101 121 11 101 121 11
101 121 11 101 121 11 101 121 11 101 121 11 101 121 11 101 121 11 101 121 11 101 121 11 101 121 11 1
01 121 11 101 121 11 101 121 11 101 121 11 101 121 11 101 97 11 101 97 11 101 97 11 101 97 11 101 97
 11 101 97 0]
Sent [255 44 8 0 1 0 0 0]
Read [255 108 73 0 20 0 15 0 11 0 21 0 63 0 33 0 0 0 0 0 44 1 0 0 0 0 0 0 0 102 112 2 7 100 12 100 1
00 100 100 42 100 100 0 1 1 0 2 0 1 0 1 0 1 0 0 0 0 0 0 0 116 101 115 116 0 107 110 105 103 104 116
0 0]
Sent [255 108 4 0]
Read [255 73 59 0 116 101 115 116 0 107 110 105 103 104 116 0 1 1 1 1 1 1 1 1 1 1 1 1 1 1 1 2 1 1 1
2 1 1 1 1 1 1 1 1 1 1 1 1 1 1 1 1 1 1 1 1 1 0 0]
Sent [255 73 8 0 1 0 0 0]
Read [255 12 18 0 68 73 83 80 69 76 0 68 73 83 80 69 76 0]
Read [255 9 4 0]
[{1 gra { false} 127.0.0.1 0}]
{1 gra { false} 127.0.0.1 0}
Sent [255 9 13 0 127 0 0 1 103 114 97 0 0]
